841044 OOP 8 4 1 2 C
841044 OOP 8 4 3 3 C
841044 OOP 8 5 6 3 C
841044 OOP 9 4 6 3 C
841044 OOP 9 4 9 2 C
841044 OOP 9 3 3 3 C
841044 OOP 10 2 1 2 C
841044 OOP 10 3 1 2 C
841044 OOP 10 2 3 3 C
841044 OOP 11 3 6 2 C
841044 OOP 11 5 9 2 C
841044 OOP 11 3 8 3 C
841044 OOP 13 3 4 2 C
841044 OOP 13 3 1 3 C
841044 OOP 13 4 4 2 C
841044 OOP 14 2 9 2 C
841044 OOP 14 6 9 2 C
841044 OOP 14 6 6 3 C
841044 OOP 15 4 9 2 C
841044 OOP 15 6 1 2 C
841044 OOP 15 4 6 3 C
861302 KTMLN 4 4 8 3 C
861302 KTMLN 7 7 1 3 C
861302 KTMLN 9 5 6 3 C
861302 KTMLN 10 3 9 2 C
861302 KTMLN 10 5 9 2 C
861302 KTMLN 11 5 3 3 C
866403 TA3 3 3 8 3 C
866403 TA3 10 4 1 2 c
866403 TA3 10 5 1 2 C
862406 QP1 2 4 6 4 C
862406 QP1 5 2 6 4 C
862406 QP1 10 2 1 4 C
862406 QP1 14 2 1 3 C
862406 QP1 14 5 6 2 C
841461 DD 1 6 6 3 c
841461 DD 1 6 9 2 C
841461 DD 2 3 1 3 C
841461 DD 2 3 4 2 C
841461 DD 3 7 1 3 C
841461 DD 3 7 4 2 C